796.00000	79
795.90317	74
795.80634	78
795.70952	83
795.61269	81
795.51586	91
795.41903	85
795.32220	69
795.22538	82
795.12855	83
795.03172	79
794.93489	97
794.83806	78
794.74124	85
794.64441	90
794.54758	79
794.45075	72
794.35392	90
794.25710	75
794.16027	87
794.06344	81
793.96661	101
793.86978	80
793.77295	90
793.67613	93
793.57930	86
793.48247	100
793.38564	93
793.28881	73
793.19199	68
793.09516	92
792.99833	88
792.90150	74
792.80467	103
792.70785	92
792.61102	82
792.51419	97
792.41736	99
792.32053	86
792.22371	100
792.12688	84
792.03005	80
791.93322	103
791.83639	96
791.73957	79
791.64274	99
791.54591	97
791.44908	103
791.35225	99
791.25543	90
791.15860	97
791.06177	95
790.96494	103
790.86811	89
790.77129	84
790.67446	91
790.57763	100
790.48080	101
790.38397	92
790.28715	115
790.19032	102
790.09349	98
789.99666	102
789.89983	100
789.80301	111
789.70618	119
789.60935	109
789.51252	109
789.41569	110
789.31886	122
789.22204	115
789.12521	110
789.02838	109
788.93155	104
788.83472	117
788.73790	118
788.64107	124
788.54424	102
788.44741	104
788.35058	116
788.25376	119
788.15693	121
788.06010	118
787.96327	121
787.86644	132
787.76962	123
787.67279	126
787.57596	117
787.47913	127
787.38230	130
787.28548	126
787.18865	111
787.09182	113
786.99499	124
786.89816	126
786.80134	117
786.70451	120
786.60768	123
786.51085	126
786.41402	130
786.31720	128
786.22037	125
786.12354	126
786.02671	142
785.92988	149
785.83306	131
785.73623	136
785.63940	133
785.54257	136
785.44574	126
785.34891	142
785.25209	133
785.15526	139
785.05843	153
784.96160	142
784.86477	157
784.76795	127
784.67112	144
784.57429	145
784.47746	145
784.38063	141
784.28381	155
784.18698	159
784.09015	137
783.99332	141
783.89649	149
783.79967	151
783.70284	143
783.60601	142
783.50918	157
783.41235	169
783.31553	162
783.21870	146
783.12187	140
783.02504	149
782.92821	164
782.83139	150
782.73456	170
782.63773	153
782.54090	158
782.44407	160
782.34725	156
782.25042	136
782.15359	157
782.05676	161
781.95993	157
781.86311	182
781.76628	148
781.66945	177
781.57262	158
781.47579	159
781.37896	179
781.28214	162
781.18531	161
781.08848	167
780.99165	149
780.89482	152
780.79800	172
780.70117	175
780.60434	158
780.50751	171
780.41068	182
780.31386	181
780.21703	182
780.12020	170
780.02337	182
779.92654	174
779.82972	185
779.73289	173
779.63606	175
779.53923	166
779.44240	169
779.34558	189
779.24875	180
779.15192	183
779.05509	189
778.95826	172
778.86144	177
778.76461	171
778.66778	171
778.57095	186
778.47412	194
778.37730	169
778.28047	174
778.18364	182
778.08681	161
777.98998	186
777.89316	176
777.79633	171
777.69950	176
777.60267	161
777.50584	186
777.40902	182
777.31219	162
777.21536	173
777.11853	172
777.02170	170
776.92487	169
776.82805	162
776.73122	193
776.63439	183
776.53756	171
776.44073	180
776.34391	185
776.24708	184
776.15025	181
776.05342	187
775.95659	173
775.85977	175
775.76294	176
775.66611	173
775.56928	184
775.47245	168
775.37563	170
775.27880	171
775.18197	168
775.08514	178
774.98831	159
774.89149	164
774.79466	160
774.69783	168
774.60100	170
774.50417	159
774.40735	184
774.31052	161
774.21369	190
774.11686	175
774.02003	148
773.92321	167
773.82638	166
773.72955	179
773.63272	178
773.53589	176
773.43907	164
773.34224	168
773.24541	164
773.14858	174
773.05175	167
772.95492	162
772.85810	166
772.76127	158
772.66444	168
772.56761	168
772.47078	161
772.37396	170
772.27713	161
772.18030	176
772.08347	173
771.98664	151
771.88982	171
771.79299	160
771.69616	149
771.59933	157
771.50250	161
771.40568	165
771.30885	153
771.21202	153
771.11519	151
771.01836	163
770.92154	158
770.82471	162
770.72788	163
770.63105	167
770.53422	161
770.43740	166
770.34057	161
770.24374	154
770.14691	157
770.05008	160
769.95326	150
769.85643	155
769.75960	147
769.66277	163
769.56594	160
769.46912	159
769.37229	153
769.27546	164
769.17863	154
769.08180	148
768.98497	136
768.88815	153
768.79132	150
768.69449	160
768.59766	158
768.50083	158
768.40401	153
768.30718	152
768.21035	142
768.11352	165
768.01669	144
767.91987	146
767.82304	150
767.72621	148
767.62938	149
767.53255	145
767.43573	147
767.33890	155
767.24207	155
767.14524	144
767.04841	154
766.95159	161
766.85476	156
766.75793	130
766.66110	140
766.56427	157
766.46745	146
766.37062	152
766.27379	155
766.17696	154
766.08013	138
765.98331	143
765.88648	136
765.78965	153
765.69282	149
765.59599	137
765.49917	143
765.40234	138
765.30551	154
765.20868	138
765.11185	145
765.01503	151
764.91820	128
764.82137	140
764.72454	152
764.62771	133
764.53088	145
764.43406	145
764.33723	141
764.24040	144
764.14357	145
764.04674	157
763.94992	134
763.85309	133
763.75626	139
763.65943	160
763.56260	136
763.46578	140
763.36895	145
763.27212	151
763.17529	122
763.07846	134
762.98164	144
762.88481	137
762.78798	151
762.69115	149
762.59432	152
762.49750	144
762.40067	140
762.30384	139
762.20701	139
762.11018	144
762.01336	139
761.91653	140
761.81970	135
761.72287	148
761.62604	137
761.52922	136
761.43239	138
761.33556	149
761.23873	136
761.14190	143
761.04508	129
760.94825	140
760.85142	141
760.75459	126
760.65776	134
760.56093	133
760.46411	134
760.36728	125
760.27045	126
760.17362	145
760.07679	128
759.97997	134
759.88314	146
759.78631	136
759.68948	137
759.59265	136
759.49583	150
759.39900	144
759.30217	131
759.20534	143
759.10851	133
759.01169	143
758.91486	131
758.81803	146
758.72120	139
758.62437	143
758.52755	141
758.43072	118
758.33389	151
758.23706	138
758.14023	138
758.04341	124
757.94658	127
757.84975	133
757.75292	119
757.65609	134
757.55927	152
757.46244	157
757.36561	147
757.26878	139
757.17195	138
757.07513	155
756.97830	129
756.88147	125
756.78464	128
756.68781	145
756.59098	139
756.49416	136
756.39733	139
756.30050	147
756.20367	138
756.10684	131
756.01002	139
755.91319	133
755.81636	145
755.71953	137
755.62270	144
755.52588	121
755.42905	127
755.33222	138
755.23539	136
755.13856	140
755.04174	131
754.94491	138
754.84808	134
754.75125	134
754.65442	120
754.55760	132
754.46077	137
754.36394	135
754.26711	133
754.17028	143
754.07346	150
753.97663	131
753.87980	140
753.78297	133
753.68614	133
753.58932	138
753.49249	126
753.39566	141
753.29883	138
753.20200	111
753.10518	130
753.00835	134
752.91152	145
752.81469	130
752.71786	126
752.62104	123
752.52421	128
752.42738	123
752.33055	132
752.23372	131
752.13689	141
752.04007	133
751.94324	133
751.84641	132
751.74958	133
751.65275	140
751.55593	130
751.45910	118
751.36227	114
751.26544	140
751.16861	115
751.07179	112
750.97496	130
750.87813	139
750.78130	119
750.68447	127
750.58765	124
750.49082	133
750.39399	123
750.29716	119
750.20033	123
750.10351	109
750.00668	109
749.90985	129
749.81302	122
749.71619	109
749.61937	115
749.52254	124
749.42571	132
749.32888	115
749.23205	106
749.13523	107
749.03840	109
748.94157	127
748.84474	123
748.74791	119
748.65109	120
748.55426	97
748.45743	102
748.36060	99
748.26377	106
748.16694	109
748.07012	118
747.97329	114
747.87646	114
747.77963	103
747.68280	100
747.58598	118
747.48915	100
747.39232	107
747.29549	115
747.19866	110
747.10184	91
747.00501	106
746.90818	103
746.81135	112
746.71452	97
746.61770	109
746.52087	112
746.42404	91
746.32721	103
746.23038	99
746.13356	91
746.03673	109
745.93990	95
745.84307	100
745.74624	104
745.64942	85
745.55259	81
745.45576	100
745.35893	98
745.26210	89
745.16528	91
745.06845	95
744.97162	86
744.87479	105
744.77796	95
744.68114	97
744.58431	87
744.48748	84
744.39065	96
744.29382	91
744.19699	92
744.10017	78
744.00334	73
743.90651	89
743.80968	81
743.71285	84
743.61603	77
743.51920	92
743.42237	86
743.32554	88
743.22871	91
743.13189	79
743.03506	69
742.93823	80
742.84140	80
742.74457	76
742.64775	90
742.55092	88
742.45409	59
742.35726	77
742.26043	84
742.16361	81
742.06678	87
741.96995	66
741.87312	68
741.77629	61
741.67947	70
741.58264	78
741.48581	62
741.38898	69
741.29215	65
741.19533	77
741.09850	75
741.00167	74
740.90484	84
740.80801	77
740.71119	75
740.61436	71
740.51753	79
740.42070	71
740.32387	70
740.22705	76
740.13022	74
740.03339	75
739.93656	57
739.83973	88
739.74290	68
739.64608	72
739.54925	73
739.45242	66
739.35559	70
739.25876	66
739.16194	52
739.06511	72
738.96828	68
738.87145	69
738.77462	60
738.67780	71
738.58097	80
738.48414	62
738.38731	81
738.29048	62
738.19366	67
738.09683	53
738.00000	63
